a1066;104	210	a3;56	2	70
a1050;29	199	a417;40	84	62
a1050;29	199	a811;21	146	58
a1045;34	195	a422;25	87	55
a1051;114	200	a2;34	1	44
a1066;104	210	a1113;14	227	39
a1046;34	196	a625;12	111	38
a629;23	114	a844;17	168	38
a1123;9	230	a812;139	147	37
a812;139	147	a828;12	160	37
a846;8	170	a928;18	191	35
a417;40	84	a844;17	168	35
a28;8	18	a3;56	2	30
a3;56	2	a418;9	85	30
a18;14	14	a230;39	41	27
a268;6	61	a3;56	2	23
a1214;26	235	a233;114	43	22
a408;43	79	a629;23	114	21
a1045;34	195	a820;4	153	18
a1052;8	201	a621;57	109	18
a230;39	41	a839;4	167	17
a1051;114	200	a622;13	110	14
a1046;34	196	a846;8	170	13
a422;25	87	a88;7	31	13
a1051;114	200	a852;17	173	12
a408;43	79	a844;17	168	12
a812;139	147	a903;3	186	11
a233;114	43	a852;17	173	11
a1051;114	200	a1214;26	235	10
a1073;6	214	a678;3	136	9
a233;114	43	a622;13	110	9
a226;19	38	a646;4	123	8
a1046;34	196	a11;8	10	8
a30;3	19	a817;2	150	7
a11;8	10	a13;4	11	7
a1070;3	212	a232;3	42	7
a24;4	17	a819;5	152	7
a226;19	38	a669;2	133	7
a238;2	46	a314;2	76	6
a264;3	57	a282;2	69	6
a23;6	16	a625;12	111	6
a3;56	2	a46;2	24	6
a1051;114	200	a233;114	43	5
a1111;3	226	a416;2	83	5
a30;3	19	a835;3	164	5
a661;3	127	a831;2	162	5
a1066;104	210	a315;2	77	5
a633;3	116	a818;3	151	5
a230;39	41	a636;2	118	4
a433;2	95	a621;57	109	4
a232;3	42	a833;2	163	4
a1071;15	213	a812;139	147	4
a233;114	43	a2;34	1	4
a638;2	120	a888;2	183	4
a28;8	18	a467;3	104	4
a1063;3	208	a18;14	14	4
a282;2	69	a643;3	122	4
a265;2	58	a698;2	141	4
a1051;114	200	a69;11	29	4
a1046;34	196	a39;4	22	4
a409;65	80	a620;65	108	4
a819;5	152	a831;2	162	4
a818;3	151	a835;3	164	4
a1063;3	208	a665;4	131	4
a263;2	56	a825;3	158	4
a663;2	129	a812;139	147	4
a5;2	4	a681;3	137	3
a664;2	130	a901;2	185	3
a1083;20	218	a1116;2	228	3
a438;2	99	a812;139	147	3
a238;2	46	a815;2	149	3
a229;2	40	a825;3	158	3
a1060;2	206	a667;2	132	3
a234;2	44	a236;2	45	3
a658;2	125	a814;37	148	3
a1080;2	216	a255;3	53	3
a23;6	16	a634;4	117	3
a233;114	43	a69;11	29	3
a1058;2	205	a812;139	147	3
a819;5	152	a839;4	167	3
a3;56	2	a662;2	128	3
a901;2	185	a920;3	189	3
a4;2	3	a675;2	135	3
a287;2	71	a420;3	86	3
a703;2	142	a812;139	147	3
a671;3	134	a730;3	144	3
a826;2	159	a831;2	162	3
a24;4	17	a831;2	162	3
a1093;2	221	a265;2	58	3
a1068;2	211	a10;2	9	3
a427;3	89	a825;3	158	3
a436;2	98	a447;3	100	3
a854;2	175	a9;3	8	3
a625;12	111	a887;2	182	3
a234;2	44	a4;2	3	3
a316;2	78	a812;139	147	3
a1068;2	211	a671;3	134	2
a1046;34	196	a270;2	63	2
a665;4	131	a829;2	161	2
a258;2	55	a662;2	128	2
a258;2	55	a3;56	2	2
a423;2	88	a434;2	96	2
a430;2	92	a812;139	147	2
a1055;2	202	a291;2	74	2
a812;139	147	a880;2	179	2
a127;2	35	a3;56	2	2
a255;3	53	a284;2	70	2
a11;8	10	a625;12	111	2
a420;3	86	a467;3	104	2
a1061;3	207	a667;2	132	2
a254;2	52	a824;2	157	2
a15;2	13	a267;4	60	2
a30;3	19	a818;3	151	2
a13;4	11	a882;2	180	2
a1104;2	225	a678;3	136	2
a15;2	13	a682;3	138	2
a1046;34	196	a488;2	106	2
a422;25	87	a878;2	178	2
a1098;3	223	a824;2	157	2
a3;56	2	a435;2	97	2
a411;2	81	a848;2	171	2
a266;2	59	a733;2	145	2
a1052;8	201	a835;3	164	2
a429;2	91	a817;2	150	2
a845;3	169	a8;2	7	2
a423;2	88	a656;2	124	2
a278;2	67	a923;2	190	2
a249;3	51	a67;2	28	2
a24;4	17	a661;3	127	2
a621;57	109	a814;37	148	2
a627;2	112	a905;2	187	2
a704;2	143	a880;2	179	2
a45;2	23	a937;2	193	2
a18;14	14	a829;2	161	2
a1056;3	203	a837;2	165	2
a411;2	81	a436;2	98	2
a1;2	0	a837;2	165	2
a1058;2	205	a828;12	160	2
a278;2	67	a473;2	105	2
a1;2	0	a812;139	147	2
a621;57	109	a882;2	180	2
a1098;3	223	a254;2	52	2
a1070;3	212	a447;3	100	2
a449;2	101	a822;2	155	2
a14;2	12	a58;2	25	2
a269;2	62	a276;2	66	2
a636;2	118	a894;2	184	2
a13;4	11	a669;2	133	1
a271;2	64	a838;3	166	1
a274;4	65	a634;4	117	1
a1063;3	208	a829;2	161	1
a35;2	21	a646;4	123	1
a833;2	163	a849;2	172	1
a14;2	12	a933;2	192	1
a1049;2	198	a228;2	39	1
a905;2	187	a920;3	189	1
a229;2	40	a427;3	89	1
a1096;2	222	a7;2	6	1
a31;2	20	a814;37	148	1
a1068;2	211	a464;2	103	1
a1070;3	212	a848;2	171	1
a282;2	69	a633;3	116	1
a1093;2	221	a416;2	83	1
a11;8	10	a488;2	106	1
a464;2	103	a704;2	143	1
a812;139	147	a883;3	181	1
a1046;34	196	a822;2	155	1
a46;2	24	a730;3	144	1
a230;39	41	a821;4	154	1
a1045;34	195	a431;2	93	1
a621;57	109	a633;3	116	1
a1125;2	231	a83;2	30	1
a438;2	99	a837;2	165	1
a5;2	4	a730;3	144	1
a258;2	55	a435;2	97	1
a1051;114	200	a416;2	83	1
a675;2	135	a8;2	7	1
a1051;114	200	a447;3	100	1
a1063;3	208	a230;39	41	1
a661;3	127	a923;2	190	1
a408;43	79	a417;40	84	1
a1070;3	212	a436;2	98	1
a447;3	100	a848;2	171	1
a276;2	66	a621;57	109	1
a690;2	139	a923;2	190	1
a15;2	13	a882;2	180	1
a661;3	127	a826;2	159	1
a154;2	36	a409;65	80	1
a845;3	169	a849;2	172	1
a31;2	20	a671;3	134	1
a1063;3	208	a1098;3	223	1
a232;3	42	a849;2	172	1
a229;2	40	a257;2	54	1
a430;2	92	a663;2	129	1
a1068;2	211	a5;2	4	1
a230;39	41	a278;2	67	1
a627;2	112	a920;3	189	1
a292;2	75	a901;2	185	1
a257;2	54	a825;3	158	1
a5;2	4	a671;3	134	1
a233;114	43	a447;3	100	1
a1052;8	201	a30;3	19	1
a292;2	75	a920;3	189	1
a1056;3	203	a438;2	99	1
a1051;114	200	a432;4	94	1
a315;2	77	a3;56	2	1
a238;2	46	a696;2	140	1
a18;14	14	a665;4	131	1
a257;2	54	a427;3	89	1
a1080;2	216	a284;2	70	1
a35;2	21	a823;2	156	1
a473;2	105	a923;2	190	1
a13;4	11	a267;4	60	1
a238;2	46	a9;3	8	1
a13;4	11	a226;19	38	1
a13;4	11	a35;2	21	1
a1093;2	221	a1111;3	226	1
a292;2	75	a664;2	130	1
a1111;3	226	a265;2	58	1
a267;4	60	a882;2	180	1
